kinematics:
  shoulder:
    x: 0
    y: 0
    z: 0.1807383169818222
    roll: -0
    pitch: 0
    yaw: -2.61133912375644e-08
  upper_arm:
    x: -5.014333234223271e-05
    y: 0
    z: 0
    roll: 1.571758291966377
    pitch: 0
    yaw: 4.309426117533168e-06
  forearm:
    x: -0.6118666745490152
    y: 0
    z: 0
    roll: 3.141553268844882
    pitch: -3.140773713866035
    yaw: 3.141590781473624
  wrist_1:
    x: -0.5713565150583416
    y: 0.0001570411714754609
    z: 0.1737538203534085
    roll: 3.140688839628208
    pitch: -3.140442306207322
    yaw: -3.141587579118714
  wrist_2:
    x: 9.624759103112567e-05
    y: -0.1197974797409049
    z: 8.294487581972973e-06
    roll: 1.570727089215052
    pitch: 0
    yaw: -4.991191427938802e-07
  wrist_3:
    x: 4.927251766206008e-05
    y: 0.1155975042544593
    z: 7.982798616938093e-05
    roll: 1.571486895107722
    pitch: 3.141592653589793
    yaw: 3.141592359268041
  hash: calib_4878807400543410499